Month_Scenario;Vessels type 0;Vessels type 1;Vessels type 2;Vessels type 3;Planned round  0;Planned round  1;Planned round  2;Planned round  3;Repairs type 0;Repairs type 1;Repairs type 2;Repairs type 3;Repairs type 4;Unhandled type 0;Unhandled type 1;Unhandled type 2;Unhandled type 3;Unhandled type 4;Failures type 0;Failures type 1;Failures type 2;Failures type 3;Failures type 4;Available %;Energy Value;Production Losses P;Production Losses R;Production Losses U;Vessel costs;Repair costs;Technician costs
0_0;4;0;0;6;0;0;0;0;127;52;5;0;0;0;0;0;0;0;127;52;5;0;0;97,836806;106.296;0;331112;0;210000;144500;40002
1_0;4;0;0;6;0;0;0;0;125;50;6;0;0;0;0;0;1;0;125;50;6;1;0;97,386111;105.205;0;323926;72065.4;210000;161000;40002
2_0;4;0;0;6;0;0;0;0;109;57;2;0;0;0;0;0;1;2;109;57;2;0;2;97,106250;84.6637;0;240699;112095;210000;94000;40002
3_0;4;1;0;7;0;0;0;0;135;56;1;1;0;0;0;0;0;3;135;56;1;0;1;96,413194;83.6099;0;267970;163875;495000;148000;46669
4_0;4;0;0;6;0;0;0;0;126;46;4;0;0;0;0;0;0;4;126;46;4;0;1;96,052778;93.2017;0;274572;255186;210000;120000;40002
5_0;5;0;0;6;0;0;0;0;130;52;5;0;0;0;0;0;0;4;130;52;5;0;0;95,805556;102.297;0;323260;294616;262500;144500;40002
6_0;12;0;1;21;23;0;0;0;123;47;0;0;6;0;4;2;0;0;123;51;2;0;2;93,047222;124.668;172042;745143;330995;5130000;2.4795e+06;140007
7_0;12;1;0;15;20;0;0;0;123;38;0;1;0;1;16;4;0;1;124;50;2;1;1;90,590278;128.355;154026;402393;1.18279e+06;915000;481500;100005
8_0;12;0;0;12;19;0;0;0;126;0;0;0;0;0;68;7;0;1;125;52;3;0;0;74,772917;169.512;193244;318344;5.64628e+06;630000;351500;80004
9_0;12;0;0;13;22;0;0;0;111;3;0;0;0;1;114;11;0;1;112;49;4;0;0;47,933333;155.618;205416;268441;1.11938e+07;630000;410000;86671
10_0;12;1;0;17;27;0;0;0;124;2;0;0;0;1;155;15;0;3;124;43;4;0;2;23,883333;149.164;241645;283411;1.58245e+07;915000;501500;113339
11_0;12;0;0;22;42;0;0;0;16;0;0;0;0;104;207;19;1;3;119;52;4;1;0;0,000000;125.69;316739;30165.6;2.27315e+07;630000;777000;146674
12_0;12;1;0;25;47;0;0;0;12;0;0;1;0;218;262;21;0;4;126;55;2;0;1;0,000000;106.296;299754;21896.9;3.21076e+07;915000;943000;166675
13_0;12;0;0;19;0;0;0;0;336;306;0;0;0;4;10;26;0;5;122;54;5;0;1;75,540972;105.205;0;585781;3.11964e+06;630000;306000;126673
14_0;12;0;1;30;0;26;0;0;130;57;32;0;5;0;0;0;0;0;126;47;6;0;0;96,168056;84.6637;132075;335099;0;5130000;2.8025e+06;200010
15_0;12;0;1;27;0;38;0;0;134;62;5;0;1;0;0;0;2;0;134;62;5;2;1;94,605556;83.6099;190631;410692;48159.3;5130000;1.192e+06;180009
16_0;12;0;0;25;0;37;0;0;137;54;9;0;0;0;0;1;3;0;137;54;10;1;0;94,445139;93.2017;206908;320707;217905;630000;905000;166675
17_0;12;1;0;22;0;30;0;0;128;58;3;6;0;0;0;0;0;1;128;58;2;3;1;95,214583;102.297;184135;494915;25881.2;915000;1.1095e+06;146674
18_0;6;0;0;6;0;0;0;0;131;37;4;0;0;0;0;0;0;6;131;37;4;0;5;96,159722;124.668;0;354183;335233;315000;111000;40002
19_0;6;0;0;6;0;0;0;0;134;48;4;0;0;0;0;0;0;9;134;48;4;0;3;94,302778;128.355;0;398671;654354;315000;122000;40002
20_0;7;0;0;5;0;0;0;0;124;52;1;0;0;0;0;0;0;13;124;52;1;0;4;92,296528;169.512;0;497348;1.38305e+06;367500;70500;33335
21_0;8;1;0;8;0;2;0;0;146;53;7;0;0;0;0;0;0;13;146;53;7;0;0;90,994444;155.618;18674.2;542795;1.45658e+06;705000;219500;53336
22_0;6;0;0;6;0;0;0;0;127;49;9;0;0;0;0;0;3;16;127;49;9;3;3;89,656250;149.164;0;475981;1.74581e+06;315000;215500;40002
23_0;10;1;0;16;0;20;0;0;112;45;6;4;0;9;0;0;0;18;121;45;6;1;2;86,664583;125.69;150828;426340;1.83646e+06;810000;820000;106672
0_1;4;0;0;6;0;0;0;0;109;50;1;0;0;0;0;0;1;0;109;50;1;1;0;97,680556;106.296;0;283704;71324.5;210000;68500;40002
1_1;4;0;0;6;0;0;0;0;136;53;2;0;0;0;0;0;1;0;136;53;2;0;0;97,300000;105.205;0;333289;75747.5;210000;90000;40002
2_1;4;0;0;6;0;0;0;0;134;52;4;0;0;0;0;0;2;0;134;52;4;1;0;97,030556;84.6637;0;269738;92283.4;210000;126000;40002
3_1;4;1;0;7;0;0;0;0;122;55;7;3;0;0;0;0;0;2;122;55;7;1;2;97,267361;83.6099;0;313537;15467.8;495000;405000;46669
4_1;4;0;0;6;0;0;0;0;118;61;8;0;0;0;0;0;0;2;118;61;8;0;0;96,734722;93.2017;0;304024;134210;210000;209000;40002
5_1;5;0;0;6;0;0;0;0;132;50;3;0;0;0;0;0;1;4;132;50;3;1;2;95,974306;102.297;0;315280;277737;262500;105500;40002
6_1;12;0;1;21;23;0;0;0;113;50;0;0;5;0;0;6;2;0;113;50;6;1;1;93,956944;124.668;172042;547918;364905;5130000;2.148e+06;140007
7_1;12;1;0;15;20;0;0;0;130;36;0;4;0;0;8;13;0;1;130;44;7;2;1;89,396528;128.355;154026;485439;1.32039e+06;915000;700000;100005
8_1;12;0;0;12;19;0;0;0;125;0;0;0;0;0;68;17;1;2;125;60;4;1;1;70,684722;169.512;193244;317835;6.6447e+06;630000;351500;80004
9_1;12;0;0;13;22;0;0;0;118;0;0;0;0;14;119;20;1;2;132;51;3;0;0;38,084028;155.618;205416;275444;1.33939e+07;630000;407000;86671
10_1;12;1;0;17;27;0;0;0;128;0;0;2;0;14;170;24;0;2;128;51;4;1;0;5,218056;149.164;241645;369329;1.97478e+07;915000;646500;113339
11_1;12;0;0;22;42;0;0;0;16;0;0;0;0;121;223;25;1;4;123;53;1;1;2;0,000000;125.69;316739;30165.6;2.64517e+07;630000;777000;146674
12_1;12;1;0;25;47;0;0;0;12;0;0;2;0;245;270;25;0;4;136;47;0;1;0;0,000000;106.296;299754;78233.7;3.50948e+07;915000;1.0165e+06;166675
13_1;12;0;0;19;0;0;0;0;384;287;0;0;0;1;29;27;0;5;140;46;2;0;1;66,317361;105.205;0;597564;4.50519e+06;630000;287000;126673
14_1;12;0;1;30;0;26;0;0;127;78;29;0;7;0;0;0;0;1;126;49;2;0;3;92,547917;84.6637;132075;715493;60957.8;5130000;3.437e+06;200010
15_1;12;0;1;27;0;38;0;0;119;49;0;0;2;0;0;0;0;2;119;49;0;0;3;93,564583;83.6099;190631;480674;103509;5130000;1.421e+06;180009
16_1;12;0;0;25;0;37;0;0;118;52;3;0;0;0;0;0;1;2;118;52;3;1;0;95,282639;93.2017;206908;271403;154808;630000;792000;166675
17_1;12;1;0;22;0;30;0;0;120;51;6;4;0;0;0;0;0;4;120;51;6;3;2;93,663889;102.297;184135;474660;274566;915000;1.011e+06;146674
18_1;6;0;0;6;0;0;0;0;123;40;1;0;0;0;0;0;1;6;123;40;1;1;2;95,365278;124.668;0;333987;498050;315000;58500;40002
19_1;6;0;0;6;0;0;0;0;123;48;7;0;0;0;0;0;2;6;123;48;7;1;0;93,909722;128.355;0;390584;735089;315000;177500;40002
20_1;7;0;0;5;0;0;0;0;127;44;5;0;0;0;0;2;2;8;127;44;7;0;2;92,584028;169.512;0;500908;1.30931e+06;367500;136500;33335
21_1;8;1;0;8;0;2;0;0;126;59;8;3;0;0;0;0;0;9;126;59;6;1;1;92,906250;155.618;18674.2;606910;964053;705000;464500;53336
22_1;6;0;0;6;0;0;0;0;120;60;6;0;0;0;0;0;0;9;120;60;6;0;0;93,275000;149.164;0;477920;966581;315000;171000;40002
23_1;10;1;0;16;0;20;0;0;114;53;2;1;0;0;0;0;0;11;114;53;2;1;2;91,670833;125.69;150828;423324;933374;810000;533500;106672
0_2;4;0;0;6;0;0;0;0;127;41;3;0;0;0;0;0;0;0;127;41;3;0;0;98,036806;106.296;0;300498;0;210000;96500;40002
1_2;4;0;0;6;0;0;0;0;123;37;4;0;0;0;0;0;0;0;123;37;4;0;0;98,110417;105.205;0;286263;0;210000;111000;40002
2_2;4;0;0;6;0;0;0;0;119;47;4;0;0;0;0;0;1;1;119;47;4;1;1;97,640972;84.6637;0;242223;45379.7;210000;121000;40002
3_2;4;1;0;7;0;0;0;0;127;47;2;1;0;0;0;0;0;3;127;47;2;0;2;97,210417;83.6099;0;245730;90131.5;495000;157500;46669
4_2;4;0;0;6;0;0;0;0;123;38;5;0;0;0;0;0;1;6;123;38;5;1;3;96,057639;93.2017;0;258635;270471;210000;130500;40002
5_2;5;0;0;6;0;0;0;0;129;42;7;0;0;0;0;0;2;8;129;42;7;1;2;93,741667;102.297;0;308222;613682;262500;171500;40002
6_2;12;0;1;21;23;0;0;0;124;47;0;0;7;0;9;7;2;1;124;56;7;0;0;89,852083;124.668;172042;394451;1.25529e+06;5130000;2.814e+06;140007
7_2;12;1;0;15;20;0;0;0;125;38;0;4;0;1;23;10;0;1;126;52;3;2;0;82,837500;128.355;154026;480946;2.53719e+06;915000;702000;100005
8_2;12;0;0;12;19;0;0;0;121;2;0;0;0;1;73;15;1;2;121;52;5;1;1;66,057639;169.512;193244;314445;7.77755e+06;630000;353500;80004
9_2;12;0;0;13;22;0;0;0;112;2;0;0;0;0;120;18;2;4;111;49;3;1;2;38,434028;155.618;205416;265795;1.33251e+07;630000;409000;86671
10_2;12;1;0;17;27;0;0;0;129;0;0;2;0;2;163;24;0;5;131;43;6;0;1;13,965972;149.164;241645;296388;1.79417e+07;915000;646500;113339
11_2;12;0;0;22;42;0;0;0;16;0;0;0;0;114;206;29;0;5;128;43;5;0;0;0,000000;125.69;316739;30165.6;2.46432e+07;630000;777000;146674
12_2;12;1;0;25;47;0;0;0;12;0;0;0;0;209;253;30;0;7;107;47;1;0;2;0,000000;106.296;299754;19133.3;3.23963e+07;915000;869500;166675
13_2;12;0;0;19;0;0;0;0;326;296;4;0;0;0;0;30;0;7;117;43;4;0;0;77,748611;105.205;0;568317;2.80266e+06;630000;370000;126673
14_2;12;0;1;30;0;26;0;0;120;48;35;0;7;0;0;0;1;1;120;48;5;1;1;94,370833;84.6637;132075;456676;97532.5;5130000;3.518e+06;200010
15_2;12;0;1;27;0;38;0;0;106;47;5;0;1;0;0;0;1;0;106;47;5;0;0;96,005556;83.6099;190631;230095;60199.2;5130000;1.177e+06;180009
16_2;12;0;0;25;0;37;0;0;112;54;5;0;0;0;0;0;1;0;112;54;5;0;0;95,923611;93.2017;206908;273081;67105.2;630000;831000;166675
17_2;12;1;0;22;0;30;0;0;120;56;4;2;0;0;0;0;0;2;120;56;4;1;2;95,959722;102.297;184135;369498;41532.7;915000;832000;146674
18_2;6;0;0;6;0;0;0;0;126;50;3;0;0;0;0;0;1;2;126;50;3;1;0;96,550694;124.668;0;373008;246220;315000;105500;40002
19_2;6;0;0;6;0;0;0;0;117;48;2;0;0;0;0;0;1;4;117;48;2;0;2;96,095833;128.355;0;357212;364400;315000;85000;40002
20_2;7;0;0;5;0;0;0;0;125;47;5;0;0;0;0;1;1;4;125;47;6;0;0;95,178472;169.512;0;505993;670928;367500;139500;33335
21_2;8;1;0;8;0;2;0;0;130;57;2;5;0;0;0;0;0;5;130;57;1;4;1;93,778472;155.618;18674.2;823530;551977;705000;498500;53336
22_2;6;0;0;6;0;0;0;0;131;46;3;0;0;0;0;0;1;6;131;46;3;1;1;95,105556;149.164;0;445552;605754;315000;101500;40002
23_2;10;1;0;16;0;20;0;0;128;50;5;2;0;0;0;0;0;6;128;50;5;1;0;93,634722;125.69;150828;458266;542981;810000;659500;106672
0_3;4;0;0;6;0;0;0;0;123;51;8;0;0;0;0;0;0;0;123;51;8;0;0;97,821528;106.296;0;333450;0;210000;199000;40002
1_3;4;0;0;6;0;0;0;0;130;41;8;0;0;0;0;0;1;0;130;41;8;1;0;97,471528;105.205;0;320033;63017.7;210000;189000;40002
2_3;4;0;0;6;0;0;0;0;122;50;4;0;0;0;0;0;2;0;122;50;4;1;0;97,429167;84.6637;0;251112;62312.4;210000;124000;40002
3_3;4;1;0;7;0;0;0;0;123;47;6;5;0;0;0;0;0;1;123;47;6;3;1;96,613194;83.6099;0;387198;20568;495000;525500;46669
4_3;4;0;0;6;0;0;0;0;129;45;6;0;0;0;0;0;0;2;129;45;6;0;1;96,912500;93.2017;0;283240;131135;210000;156000;40002
5_3;5;0;0;6;0;0;0;0;135;59;4;0;0;0;0;0;1;3;135;59;4;1;1;95,987500;102.297;0;341776;249299;262500;133000;40002
6_3;12;0;1;21;23;0;0;0;124;47;0;0;3;0;6;0;2;0;124;53;0;1;0;94,897917;124.668;172042;368520;375377;5130000;1.476e+06;140007
7_3;12;1;0;15;20;0;0;0;120;40;0;2;0;0;15;6;0;0;120;49;6;0;0;90,738889;128.355;154026;340397;1.21732e+06;915000;557000;100005
8_3;12;0;0;12;19;0;0;0;126;0;0;0;0;4;81;6;0;1;130;66;0;0;1;69,873611;169.512;193244;320378;6.84015e+06;630000;351500;80004
9_3;12;0;0;13;22;0;0;0;118;0;0;0;0;11;129;9;1;1;125;48;3;1;0;38,715278;155.618;205416;275444;1.32524e+07;630000;407000;86671
10_3;12;1;0;17;27;0;0;0;129;0;0;3;0;5;170;13;0;1;123;41;4;2;0;13,566667;149.164;241645;439884;1.7884e+07;915000;720000;113339
11_3;12;0;0;22;42;0;0;0;16;0;0;0;0;115;220;18;1;1;126;50;5;1;0;0,000000;125.69;316739;30165.6;2.50449e+07;630000;777000;146674
12_3;12;1;0;25;47;0;0;0;12;0;0;2;0;223;267;23;0;4;120;47;5;1;3;0,000000;106.296;299754;78233.7;3.40024e+07;915000;1.0165e+06;166675
13_3;12;0;0;19;0;0;0;0;351;300;0;0;0;0;15;28;0;5;128;48;5;0;1;73,840278;105.205;0;585465;3.3776e+06;630000;300000;126673
14_3;12;0;1;30;0;26;0;0;122;68;36;0;7;0;0;0;0;0;122;53;8;0;2;93,956944;84.6637;132075;604668;0;5130000;3.5565e+06;200010
15_3;12;0;1;27;0;38;0;0;143;52;3;0;2;0;0;0;0;0;143;52;3;0;2;94,061806;83.6099;190631;524318;0;5130000;1.4795e+06;180009
16_3;12;0;0;25;0;37;0;0;121;40;7;0;0;0;0;0;4;0;121;40;7;4;0;95,449306;93.2017;206908;265904;137938;630000;854000;166675
17_3;12;1;0;22;0;30;0;0;129;46;6;4;0;0;0;0;0;0;129;46;6;0;0;96,553472;102.297;184135;323567;0;915000;1.006e+06;146674
18_3;6;0;0;6;0;0;0;0;116;42;6;0;0;0;0;0;1;1;116;42;6;1;1;97,851389;124.668;0;347077;38647.2;315000;153000;40002
19_3;6;0;0;6;0;0;0;0;127;48;3;0;0;0;0;0;1;1;127;48;3;0;0;96,939583;128.355;0;380829;184831;315000;103500;40002
20_3;7;0;0;5;0;0;0;0;115;48;5;0;0;0;0;2;1;2;115;48;7;0;1;96,515972;169.512;0;483957;366485;367500;140500;33335
21_3;8;1;0;8;0;2;0;0;123;61;7;1;0;0;0;0;0;4;123;61;5;0;2;96,192361;155.618;18674.2;514317;320262;705000;301000;53336
22_3;6;0;0;6;0;0;0;0;135;48;4;0;0;0;0;0;0;5;135;48;4;0;1;95,468056;149.164;0;465540;507902;315000;122000;40002
23_3;10;1;0;16;0;20;0;0;117;52;5;0;0;0;0;0;0;6;117;52;5;0;1;94,503472;125.69;150828;372671;471337;810000;514500;106672
0_4;4;0;0;6;0;0;0;0;131;50;5;0;0;0;0;0;0;0;131;50;5;0;0;97,822917;106.296;0;333237;0;210000;142500;40002
1_4;4;0;0;6;0;0;0;0;131;48;2;0;0;0;0;0;1;0;131;48;2;1;0;97,900694;105.205;0;314878;3156.15;210000;85000;40002
2_4;4;0;0;6;0;0;0;0;112;49;6;0;0;0;0;0;2;1;112;49;6;1;1;97,209722;84.6637;0;242477;97701.9;210000;160000;40002
3_4;4;1;0;7;0;0;0;0;135;56;1;2;0;0;0;0;0;3;135;56;1;0;2;96,945833;83.6099;0;270144;97572.8;495000;221500;46669
4_4;4;0;0;6;0;0;0;0;130;55;8;0;0;0;0;0;0;5;130;55;8;0;2;95,563194;93.2017;0;309616;285849;210000;203000;40002
5_4;5;0;0;6;0;0;0;0;117;48;6;0;0;0;0;0;1;5;117;48;6;1;0;95,108333;102.297;0;298606;421977;262500;159000;40002
6_4;12;0;1;21;23;0;0;0;123;47;0;0;7;0;1;3;2;0;123;48;3;1;2;92,812500;124.668;172042;751626;366650;5130000;2.814e+06;140007
7_4;12;1;0;15;20;0;0;0;123;38;0;2;0;0;11;6;0;2;123;48;3;0;2;91,915278;128.355;154026;341039;999244;915000;555000;100005
8_4;12;0;0;12;19;0;0;0;125;0;0;0;0;0;67;9;0;4;125;56;3;0;2;72,439583;169.512;193244;317835;6.21634e+06;630000;351500;80004
9_4;12;0;0;13;22;0;0;0;118;0;0;0;0;8;117;10;2;6;126;50;1;2;2;43,326389;155.618;205416;275444;1.22191e+07;630000;407000;86671
10_4;12;1;0;17;27;0;0;0;129;0;0;3;0;8;174;12;0;6;129;57;2;1;0;12,192361;149.164;241645;375445;1.82436e+07;915000;720000;113339
11_4;12;0;0;22;42;0;0;0;16;0;0;0;0;123;213;17;0;8;131;39;5;0;2;0,000000;125.69;316739;30165.6;2.55275e+07;630000;777000;146674
12_4;12;1;0;25;47;0;0;0;12;0;0;1;0;232;262;20;0;11;121;49;3;1;3;0,000000;106.296;299754;75470;3.38159e+07;915000;943000;166675
13_4;12;0;0;19;0;0;0;0;364;295;0;0;0;1;21;21;1;12;133;54;1;1;1;68,635417;105.205;0;599247;4.15233e+06;630000;295000;126673
14_4;12;0;1;30;0;26;0;0;126;64;26;0;7;0;1;0;1;7;125;44;5;0;2;89,698611;84.6637;132075;575205;548620;5130000;3.3675e+06;200010
15_4;12;0;1;27;0;38;0;0;117;54;5;0;3;0;0;0;1;4;117;53;5;0;0;93,729861;83.6099;190631;263288;300996;5130000;1.853e+06;180009
16_4;12;0;0;25;0;37;0;0;121;62;5;0;0;0;0;0;2;5;121;62;5;1;1;92,874306;93.2017;206908;300575;448859;630000;839000;166675
17_4;12;1;0;22;0;30;0;0;121;57;4;2;0;0;0;0;0;6;121;57;4;0;1;94,011111;102.297;184135;321521;376557;915000;833000;146674
18_4;6;0;0;6;0;0;0;0;131;64;6;0;0;0;0;0;0;7;131;64;6;0;1;94,333333;124.668;0;429981;587313;315000;175000;40002
19_4;6;0;0;6;0;0;0;0;132;45;3;0;0;0;0;0;1;9;132;45;3;1;2;93,955556;128.355;0;382755;734447;315000;100500;40002
20_4;7;0;0;5;0;0;0;0;120;50;5;0;0;0;0;2;3;9;120;50;7;2;0;91,814583;169.512;0;503451;1.49459e+06;367500;142500;33335
21_4;8;1;0;8;0;2;0;0;121;46;6;3;0;0;0;0;0;10;121;46;4;0;1;93,127778;155.618;18674.2;465765;1.05556e+06;705000;414500;53336
22_4;6;0;0;6;0;0;0;0;115;47;5;0;0;0;0;0;0;13;115;47;5;0;3;92,002083;149.164;0;422879;1.29504e+06;315000;139500;40002
23_4;10;1;0;16;0;20;0;0;137;54;3;1;0;0;0;0;0;15;137;54;3;1;2;89,253472;125.69;150828;473474;1.32075e+06;810000;553000;106672
