Month_Scenario;Vessels type 0;Vessels type 1;Vessels type 2;Vessels type 3;Planned round  0;Planned round  1;Planned round  2;Planned round  3;Repairs type 0;Repairs type 1;Repairs type 2;Repairs type 3;Repairs type 4;Unhandled type 0;Unhandled type 1;Unhandled type 2;Unhandled type 3;Unhandled type 4;Failures type 0;Failures type 1;Failures type 2;Failures type 3;Failures type 4;Available %;Energy Value;Production Losses P;Production Losses R;Production Losses U;Vessel costs;Repair costs;Technician costs
0_0;3;0;0;4;0;0;0;0;76;20;2;0;0;0;0;0;0;0;76;20;2;0;0;98,138889;106.296;0;170924;0;157500;57000;26668
1_0;2;0;0;4;0;0;0;0;73;37;2;0;0;0;0;0;2;0;73;37;2;2;0;97,009259;105.205;0;200205;71644.5;105000;74000;26668
2_0;2;0;0;4;0;0;0;0;75;30;2;0;0;0;0;0;2;1;75;30;2;0;1;95,531250;84.6637;0;151802;175084;105000;67000;26668
3_0;3;1;0;5;0;0;0;0;75;31;5;2;0;0;0;0;0;1;75;31;5;0;0;96,890046;83.6099;0;164461;60199.2;442500;270500;33335
4_0;2;0;0;4;0;0;0;0;69;34;3;0;0;0;0;4;0;3;69;34;7;0;2;93,984954;93.2017;0;169347;315022;105000;89500;26668
5_0;3;0;0;4;0;0;0;0;68;30;7;0;0;0;0;0;0;3;68;30;3;0;0;95,405093;102.297;0;185158;220962;157500;159500;26668
6_0;7;0;0;9;13;0;0;0;77;29;0;0;0;1;2;7;1;3;78;31;7;1;0;91,305556;124.668;97241.4;216300;622968;367500;269500;60003
7_0;7;0;0;9;14;0;0;0;78;1;0;0;0;0;29;12;1;3;77;28;5;0;0;73,741898;128.355;107818;151202;2.65297e+06;367500;260000;60003
8_0;7;1;0;9;11;0;0;0;75;0;0;1;0;0;63;16;0;4;75;34;4;0;1;43,149306;169.512;111878;195108;8.01927e+06;652500;277000;60003
9_0;7;0;0;8;12;0;0;0;81;1;0;0;0;0;82;16;0;5;81;20;0;0;1;19,475694;155.618;112045;192188;1.05226e+07;367500;223000;53336
10_0;7;0;0;12;19;0;0;0;10;0;0;0;0;55;108;17;0;8;65;26;1;0;3;0,000000;149.164;170047;22374.6;1.57189e+07;367500;351500;80004
11_0;7;0;1;19;24;0;0;0;19;0;0;0;8;110;137;20;0;2;74;29;3;0;2;0,000000;125.69;180994;450096;2.04168e+07;4867500;3.12e+06;126673
12_0;7;0;0;15;27;0;0;0;15;0;0;0;0;166;167;21;0;2;71;30;1;0;0;0,000000;106.296;172199;23916.6;2.36925e+07;367500;499500;100005
13_0;7;0;0;11;0;0;0;0;246;158;0;0;0;0;37;23;0;2;80;28;2;0;0;45,318287;105.205;0;346966;4.62344e+06;367500;158000;73337
14_0;7;1;0;14;0;6;0;0;71;59;26;1;0;0;0;0;0;2;71;22;3;1;0;94,515046;84.6637;30478.9;248826;121916;652500;724500;93338
15_0;7;0;1;17;0;22;0;0;72;33;6;0;2;0;0;0;0;0;72;33;6;0;0;96,101852;83.6099;110365;171233;0;4867500;1.22e+06;113339
16_0;7;0;1;17;0;21;0;0;74;29;4;0;1;0;0;0;0;0;74;29;4;0;1;94,701389;93.2017;117434;309243;0;4867500;826000;113339
17_0;7;0;0;12;0;16;0;0;74;31;2;0;0;0;0;0;0;0;74;31;2;0;0;96,807870;102.297;98205.5;183931;0;367500;364000;80004
18_0;6;0;0;8;0;8;0;0;76;22;3;0;0;0;0;0;0;0;76;22;3;0;0;97,497685;124.668;59840.9;209692;0;315000;225500;53336
19_0;5;1;0;6;0;2;0;0;77;30;3;1;0;0;0;0;0;2;77;30;3;1;2;96,601852;128.355;15402.6;306383;55064.3;547500;196000;40002
20_0;5;0;0;4;0;1;0;0;81;30;2;0;0;0;0;0;0;2;81;30;2;0;0;96,084491;169.512;10170.7;319191;244097;262500;85500;26668
21_0;4;1;0;4;0;0;0;0;70;33;1;1;0;0;0;0;0;2;70;33;1;1;0;95,701389;155.618;0;353875;224090;495000;125000;26668
22_0;4;0;0;4;0;2;0;0;71;29;1;0;0;0;0;0;0;2;71;29;1;0;0;96,251157;149.164;17899.6;250446;214796;210000;84500;26668
23_0;7;0;0;11;0;15;0;0;72;34;3;0;0;0;0;0;0;2;72;34;3;0;0;95,136574;125.69;113121;234035;180994;367500;367000;73337
0_1;3;0;0;4;0;0;0;0;79;30;2;0;0;0;0;0;0;0;79;30;2;0;0;97,855324;106.296;0;196966;0;157500;67000;26668
1_1;2;0;0;4;0;0;0;0;73;26;2;0;0;0;0;0;0;0;73;26;2;0;0;98,052083;105.205;0;177060;0;105000;63000;26668
2_1;2;0;0;4;0;0;0;0;71;26;5;0;0;0;0;1;1;0;71;26;6;1;0;97,282407;84.6637;0;148585;50205.5;105000;118500;26668
3_1;3;1;0;5;0;0;0;0;66;27;3;1;0;0;0;0;0;0;66;27;2;0;0;98,094907;83.6099;0;137622;0;442500;156000;33335
4_1;2;0;0;4;0;0;0;0;69;26;3;0;0;0;0;0;0;0;69;26;3;0;0;98,082176;93.2017;0;154435;0;105000;81500;26668
5_1;3;0;0;4;0;0;0;0;66;35;3;0;0;0;0;0;0;0;66;35;3;0;0;97,925926;102.297;0;183317;0;157500;90500;26668
6_1;7;0;0;9;13;0;0;0;78;28;0;0;0;0;3;1;0;2;78;31;1;0;2;95,005787;124.668;97241.4;215676;225027;367500;268500;60003
7_1;7;0;0;9;14;0;0;0;79;0;0;0;0;0;37;1;1;3;79;34;0;1;1;80,179398;128.355;107818;152101;1.93816e+06;367500;259000;60003
8_1;7;1;0;9;11;0;0;0;75;0;0;2;0;0;63;6;0;5;75;26;5;1;2;48,601852;169.512;111878;284950;7.13086e+06;652500;350500;60003
9_1;7;0;0;8;12;0;0;0;82;0;0;0;0;0;93;8;0;5;82;30;2;0;0;21,177083;155.618;112045;191410;1.02946e+07;367500;222000;53336
10_1;7;0;0;12;19;0;0;0;10;0;0;0;0;66;123;10;1;6;76;30;2;1;1;0,000000;149.164;170047;22374.6;1.67223e+07;367500;351500;80004
11_1;7;0;1;19;24;0;0;0;19;0;0;0;8;121;164;12;1;0;74;41;2;0;2;0,000000;125.69;180994;450096;2.23156e+07;4867500;3.12e+06;126673
12_1;7;0;0;15;27;0;0;0;15;0;0;0;0;181;194;15;1;1;75;30;3;0;1;0,000000;106.296;172199;23916.6;2.64228e+07;367500;499500;100005
13_1;7;0;0;11;0;0;0;0;257;154;0;0;0;0;71;19;1;2;76;31;4;0;1;20,354167;105.205;0;345809;6.89376e+06;367500;154000;73337
14_1;7;1;0;14;0;6;0;0;73;100;24;3;0;0;0;0;0;3;73;29;5;2;1;92,857639;84.6637;30478.9;331628;160353;652500;875500;93338
15_1;7;0;1;17;0;22;0;0;79;29;2;0;4;0;0;0;0;0;79;29;2;0;1;94,443287;83.6099;110365;291046;0;4867500;1.811e+06;113339
16_1;7;0;1;17;0;21;0;0;83;29;2;0;1;0;0;0;1;0;83;29;2;1;1;94,461806;93.2017;117434;315488;13048.2;4867500;789000;113339
17_1;7;0;0;12;0;16;0;0;67;28;2;0;0;0;0;0;1;0;67;28;2;0;0;96,165509;102.297;98205.5;167052;73654.1;367500;361000;80004
18_1;6;0;0;8;0;8;0;0;84;22;2;0;0;0;0;0;1;1;84;22;2;0;1;96,040509;124.668;59840.9;220414;146236;315000;207000;53336
19_1;5;1;0;6;0;2;0;0;64;31;4;2;0;0;0;0;0;1;64;31;4;1;0;96,398148;128.355;15402.6;291623;92415.6;547500;289000;40002
20_1;5;0;0;4;0;1;0;0;76;25;3;0;0;0;0;0;1;1;76;25;3;1;0;96,362269;169.512;10170.7;295290;227316;262500;99000;26668
21_1;4;1;0;4;0;0;0;0;81;31;2;1;0;0;0;0;0;1;81;31;2;0;0;96,934028;155.618;0;300187;112045;495000;141500;26668
22_1;4;0;0;4;0;2;0;0;74;29;3;0;0;0;0;0;0;1;74;29;3;0;0;96,953704;149.164;17899.6;267301;107398;210000;121500;26668
23_1;7;0;0;11;0;15;0;0;81;33;2;0;0;0;0;0;0;1;81;33;2;0;0;95,876157;125.69;113121;244216;90496.8;367500;347500;73337
0_2;3;0;0;4;0;0;0;0;89;36;2;0;0;0;0;0;0;0;89;36;2;0;0;97,542824;106.296;0;225666;0;157500;73000;26668
1_2;2;0;0;4;0;0;0;0;79;26;5;0;0;0;0;0;1;0;79;26;5;1;0;97,648148;105.205;0;197259;16517.2;105000;118500;26668
2_2;2;0;0;4;0;0;0;0;75;27;3;0;0;0;0;0;1;0;75;27;3;0;0;97,121528;84.6637;0;149601;60957.8;105000;82500;26668
3_2;3;1;0;5;0;0;0;0;73;29;3;3;0;0;0;0;0;1;73;29;3;2;1;96,571759;83.6099;0;239375;8277.38;442500;305000;33335
4_2;2;0;0;4;0;0;0;0;80;28;2;0;0;0;0;0;0;1;80;28;2;0;0;97,050926;93.2017;0;170373;67105.2;105000;65000;26668
5_2;3;0;0;4;0;0;0;0;71;24;4;0;0;0;0;0;0;1;71;24;4;0;0;97,221065;102.297;0;171962;73654.1;157500;98000;26668
6_2;7;0;0;9;13;0;0;0;84;26;0;0;0;0;11;3;0;2;84;37;3;0;1;92,994213;124.668;97241.4;221910;435467;367500;266500;60003
7_2;7;0;0;9;14;0;0;0;79;1;0;0;0;0;42;4;0;2;79;32;1;0;0;70,465278;128.355;107818;154668;3.01288e+06;367500;260000;60003
8_2;7;1;0;9;11;0;0;0;68;1;0;0;0;0;78;5;0;3;68;37;1;0;1;44,461806;169.512;111878;176292;7.84586e+06;652500;204500;60003
9_2;7;0;0;8;12;0;0;0;77;3;0;0;0;0;106;7;0;4;77;31;2;0;1;14,464120;155.618;112045;189076;1.11995e+07;367500;225000;53336
10_2;7;0;0;12;19;0;0;0;10;0;0;0;0;70;136;9;0;4;80;30;2;0;0;0,000000;149.164;170047;22374.6;1.78534e+07;367500;351500;80004
11_2;7;0;1;19;24;0;0;0;19;0;0;0;5;124;160;12;0;0;73;24;3;0;1;0,000000;125.69;180994;249495;2.33861e+07;4867500;2.1165e+06;126673
12_2;7;0;0;15;27;0;0;0;15;0;0;0;0;193;198;17;0;0;84;38;5;0;0;0,000000;106.296;172199;23916.6;2.67199e+07;367500;499500;100005
13_2;7;0;0;11;0;0;0;0;267;150;0;0;0;0;80;17;0;0;74;32;0;0;0;15,378472;105.205;0;344336;7.34751e+06;367500;150000;73337
14_2;7;1;0;14;0;6;0;0;82;113;19;0;0;0;0;2;0;1;82;33;4;0;1;93,934028;84.6637;30478.9;253652;159591;652500;575500;93338
15_2;7;0;1;17;0;22;0;0;69;27;3;0;1;0;0;0;0;1;69;27;1;0;1;93,998843;83.6099;110365;262953;60199.2;4867500;824000;113339
16_2;7;0;1;17;0;21;0;0;65;40;5;0;3;0;0;0;0;0;65;40;5;0;2;92,776620;93.2017;117434;464237;0;4867500;1.5245e+06;113339
17_2;7;0;0;12;0;16;0;0;76;26;2;0;0;0;0;0;1;0;76;26;2;1;0;96,803241;102.297;98205.5;176770;7570.01;367500;359000;80004
18_2;6;0;0;8;0;8;0;0;70;27;3;0;0;0;0;0;1;0;70;27;3;0;0;96,652778;124.668;59840.9;210939;89761.3;315000;230500;53336
19_2;5;1;0;6;0;2;0;0;75;41;5;1;0;0;0;0;0;1;75;41;5;0;1;97,062500;128.355;15402.6;274808;35554.3;547500;244000;40002
20_2;5;0;0;4;0;1;0;0;78;34;3;0;0;0;0;0;0;1;78;34;3;0;0;96,837963;169.512;10170.7;330887;122049;262500;108000;26668
21_2;4;1;0;4;0;0;0;0;78;27;0;1;0;0;0;0;0;1;78;27;0;1;0;96,574074;155.618;0;348584;112045;495000;100500;26668
22_2;4;0;0;4;0;2;0;0;70;29;2;0;0;0;0;0;0;2;70;29;2;0;1;96,524306;149.164;17899.6;253280;176759;210000;103000;26668
23_2;7;0;0;11;0;15;0;0;74;25;1;0;0;0;0;0;0;2;74;25;1;0;0;95,388889;125.69;113121;206634;180994;367500;321000;73337
0_3;3;0;0;4;0;0;0;0;74;32;5;0;0;0;0;0;0;0;74;32;5;0;0;97,777778;106.296;0;204088;0;157500;124500;26668
1_3;2;0;0;4;0;0;0;0;71;27;3;0;0;0;0;0;0;0;71;27;3;0;0;98,024306;105.205;0;179585;0;105000;82500;26668
2_3;2;0;0;4;0;0;0;0;69;35;3;0;0;0;0;0;0;1;69;35;3;0;1;97,684028;84.6637;0;155527;13884.8;105000;90500;26668
3_3;3;1;0;5;0;0;0;0;80;31;5;1;0;0;0;0;0;1;80;31;5;1;0;96,250000;83.6099;0;210697;60199.2;442500;197000;33335
4_3;2;0;0;4;0;0;0;0;71;27;5;0;0;0;0;0;0;2;71;27;5;0;1;96,710648;93.2017;0;165433;99446.2;105000;119500;26668
5_3;3;0;0;4;0;0;0;0;73;29;2;0;0;0;0;0;0;3;73;29;2;0;1;95,622685;102.297;0;178304;208584;157500;66000;26668
6_3;7;0;0;9;13;0;0;0;85;25;0;0;0;0;0;4;0;4;85;25;4;0;1;91,902778;124.668;97241.4;221286;553653;367500;265500;60003
7_3;7;0;0;9;14;0;0;0;78;1;0;0;0;0;26;5;0;5;78;27;1;0;1;78,613426;128.355;107818;152742;2.11118e+06;367500;260000;60003
8_3;7;1;0;9;11;0;0;0;75;0;0;0;0;4;58;7;0;6;79;32;2;0;1;50,516204;169.512;111878;190701;6.94474e+06;652500;203500;60003
9_3;7;0;0;8;12;0;0;0;78;3;0;0;0;1;83;11;1;8;75;28;4;1;2;23,906250;155.618;112045;185808;9.93325e+06;367500;225000;53336
10_3;7;0;0;12;19;0;0;0;10;0;0;0;0;67;113;12;1;10;76;30;1;0;2;0,000000;149.164;170047;22374.6;1.65361e+07;367500;351500;80004
11_3;7;0;1;19;24;0;0;0;19;0;0;0;8;128;145;15;1;3;80;32;3;0;1;0,000000;125.69;180994;269102;2.19151e+07;4867500;3.12e+06;126673
12_3;7;0;0;15;27;0;0;0;15;0;0;0;0;184;169;18;1;5;71;24;3;0;2;0,000000;106.296;172199;23916.6;2.53206e+07;367500;499500;100005
13_3;7;0;0;11;0;0;0;0;255;155;0;0;0;0;31;21;1;6;71;17;3;0;1;49,048611;105.205;0;322032;4.3093e+06;367500;155000;73337
14_3;7;1;0;14;0;6;0;0;76;57;24;1;0;0;0;0;0;7;76;26;3;0;1;91,403935;84.6637;30478.9;211490;386828;652500;685500;93338
15_3;7;0;1;17;0;22;0;0;75;33;3;0;3;0;0;0;0;4;75;33;3;0;0;92,774306;83.6099;110365;170815;240797;4867500;1.499e+06;113339
16_3;7;0;1;17;0;21;0;0;75;26;0;0;3;0;0;0;0;2;75;26;0;0;1;93,123843;93.2017;117434;302067;134210;4867500;1.418e+06;113339
17_3;7;0;0;12;0;16;0;0;72;34;4;0;0;0;0;0;0;2;72;34;4;0;0;95,027778;102.297;98205.5;193956;147308;367500;404000;80004
18_3;6;0;0;8;0;8;0;0;81;30;4;0;0;0;0;0;0;2;81;30;4;0;0;95,519676;124.668;59840.9;243228;179523;315000;252000;53336
19_3;5;1;0;6;0;2;0;0;79;33;3;1;0;0;0;0;0;3;79;33;3;1;1;94,949074;128.355;15402.6;317935;226803;547500;199000;40002
20_3;5;0;0;4;0;1;0;0;76;30;2;0;0;0;0;0;1;5;76;30;2;1;2;94,645833;169.512;10170.7;306478;467514;262500;85500;26668
21_3;4;1;0;4;0;0;0;0;73;29;2;1;0;0;0;0;0;6;73;29;2;0;1;93,155093;155.618;0;275288;645036;495000;139500;26668
22_3;4;0;0;4;0;2;0;0;72;27;2;0;0;0;0;0;0;6;72;27;2;0;0;92,907407;149.164;17899.6;251788;644387;210000;101000;26668
23_3;7;0;0;11;0;15;0;0;71;28;4;0;0;0;0;0;1;7;71;28;4;1;1;91,245370;125.69;113121;221340;616258;367500;379500;73337
0_4;3;0;0;4;0;0;0;0;74;39;4;0;0;0;0;0;0;0;74;39;4;0;0;97,655093;106.296;0;215355;0;157500;113000;26668
1_4;2;0;0;4;0;0;0;0;75;42;0;0;0;0;0;2;0;0;75;42;2;0;0;97,089120;105.205;0;206728;57862.7;105000;42000;26668
2_4;2;0;0;4;0;0;0;0;69;29;5;0;0;0;0;0;0;1;69;29;3;0;1;97,462963;84.6637;0;149093;36490;105000;121500;26668
3_4;3;1;0;5;0;0;0;0;79;29;6;1;0;0;0;0;0;2;79;29;6;1;1;95,678241;83.6099;0;208941;103258;442500;213500;33335
4_4;2;0;0;4;0;0;0;0;73;27;3;0;0;0;0;0;0;4;73;27;3;0;2;94,927083;93.2017;0;161891;246612;105000;82500;26668
5_4;3;0;0;4;0;0;0;0;77;33;3;0;0;0;0;0;2;4;77;33;3;2;0;93,656250;102.297;0;196104;364588;157500;88500;26668
6_4;7;0;0;9;13;0;0;0;90;23;0;0;0;0;1;3;2;7;90;24;3;0;3;88,637731;124.668;97241.4;225650;900979;367500;263500;60003
7_4;7;0;0;9;14;0;0;0;79;0;0;0;0;0;29;3;4;9;79;28;0;2;2;73,711806;128.355;107818;152101;2.65541e+06;367500;259000;60003
8_4;7;1;0;9;11;0;0;0;75;0;0;5;0;5;60;7;0;10;80;31;4;1;1;44,884259;169.512;111878;298172;7.66211e+06;652500;571000;60003
9_4;7;0;0;8;12;0;0;0;85;0;0;0;0;5;92;11;0;10;85;32;4;0;0;15,065972;155.618;112045;198413;1.11093e+07;367500;222000;53336
10_4;7;0;0;12;19;0;0;0;10;0;0;0;0;76;119;13;0;10;81;27;2;0;0;0,000000;149.164;170047;22374.6;1.80349e+07;367500;351500;80004
11_4;7;0;1;19;24;0;0;0;19;0;0;0;8;122;148;13;1;3;65;29;0;1;1;0,000000;125.69;180994;269102;2.26155e+07;4867500;3.12e+06;126673
12_4;7;0;0;15;27;0;0;0;15;0;0;0;0;179;178;14;2;4;72;30;1;1;1;0,000000;106.296;172199;23916.6;2.5524e+07;367500;499500;100005
13_4;7;0;0;11;0;0;0;0;258;153;0;0;0;0;53;19;2;5;79;28;5;0;1;32,961806;105.205;0;345283;5.74829e+06;367500;153000;73337
14_4;7;1;0;14;0;6;0;0;69;82;21;2;0;0;0;0;0;5;69;29;2;0;0;92,434028;84.6637;30478.9;218178;304789;652500;728500;93338
15_4;7;0;1;17;0;22;0;0;80;27;6;0;3;0;0;0;0;2;80;27;6;0;0;94,375000;83.6099;110365;175581;120398;4867500;1.5485e+06;113339
16_4;7;0;1;17;0;21;0;0;84;37;3;0;3;0;0;0;0;0;84;37;3;0;1;94,261574;93.2017;117434;344660;0;4867500;1.4845e+06;113339
17_4;7;0;0;12;0;16;0;0;76;35;5;0;0;0;0;0;0;1;76;35;5;0;1;95,981481;102.297;98205.5;205618;51353.3;367500;423500;80004
18_4;6;0;0;8;0;8;0;0;80;30;0;0;0;0;0;0;1;2;80;30;0;1;1;95,299769;124.668;59840.9;224403;222035;315000;178000;53336
19_4;5;1;0;6;0;2;0;0;69;35;2;2;0;0;0;0;0;3;69;35;2;1;1;95,247685;128.355;15402.6;302789;208834;547500;256000;40002
20_4;5;0;0;4;0;1;0;0;70;27;1;0;0;0;0;0;0;3;70;27;1;0;0;95,550926;169.512;10170.7;275287;366146;262500;64000;26668
21_4;4;1;0;4;0;0;0;0;86;26;3;1;0;0;0;0;0;5;86;26;3;1;2;93,155093;155.618;0;380019;540306;495000;155000;26668
22_4;4;0;0;4;0;2;0;0;72;33;2;0;0;0;0;0;0;5;72;33;2;0;0;93,601852;149.164;17899.6;269688;536989;210000;107000;26668
23_4;7;0;0;11;0;15;0;0;74;37;2;0;0;0;0;0;0;6;74;37;2;0;1;92,363426;125.69;113121;241073;475108;367500;351500;73337
