Month_Scenario;Vessels type 0;Vessels type 1;Vessels type 2;Vessels type 3;Planned round  0;Planned round  1;Planned round  2;Planned round  3;Repairs type 0;Repairs type 1;Repairs type 2;Repairs type 3;Repairs type 4;Unhandled type 0;Unhandled type 1;Unhandled type 2;Unhandled type 3;Unhandled type 4;Failures type 0;Failures type 1;Failures type 2;Failures type 3;Failures type 4;Available %;Energy Value;Production Losses P;Production Losses R;Production Losses U;Vessel costs;Repair costs;Technician costs
0_0;3;0;0;5;0;0;0;0;82;39;5;0;0;0;0;0;1;0;82;39;5;1;0;97,348148;142;0;309560;97128;157500;131500;33335
1_0;3;1;0;6;0;0;0;0;107;34;1;1;0;0;0;0;0;0;107;34;1;0;0;97,828704;142;0;332990;0;442500;126000;40002
2_0;3;0;0;5;0;0;0;0;85;36;2;0;0;0;0;0;0;2;85;36;2;0;2;97,330556;142;0;292946;116440;157500;73000;33335
3_0;2;0;0;4;0;0;0;0;99;33;5;0;0;0;0;0;0;4;99;33;5;0;2;95,532407;142;0;328730;356420;105000;125500;26668
4_0;3;1;0;5;0;0;0;0;95;35;2;1;0;0;0;0;0;6;95;35;2;1;2;94,609259;142;0;386666;440058;442500;145500;33335
5_0;2;0;0;5;0;0;0;0;87;40;3;0;0;0;0;0;0;6;87;40;3;0;0;93,956481;142;0;313394;613440;105000;95500;33335
6_0;3;0;0;7;8;0;0;0;100;28;0;0;0;0;7;4;1;7;100;35;4;1;1;90,521296;142;68160;292520;1.09297e+06;157500;176000;46669
7_0;3;1;0;7;6;0;0;0;88;49;0;1;0;2;4;8;1;7;90;46;4;1;0;84,690741;142;51120;396748;1.89996e+06;442500;233500;46669
8_0;3;0;0;7;8;0;0;0;96;30;0;0;0;0;16;12;1;9;94;42;4;0;2;80,162037;142;68160;286272;2.68792e+06;157500;178000;46669
9_0;3;0;1;12;9;0;0;0;86;26;0;0;6;0;27;17;1;3;86;37;5;0;0;71,683333;142;76680;301324;3.96464e+06;4657500;2.1995e+06;80004
10_0;3;1;0;9;11;0;0;0;92;2;0;2;0;0;51;21;0;3;92;26;4;1;0;57,017593;142;93720;280592;6.21747e+06;442500;352500;60003
11_0;3;1;1;15;12;0;0;0;91;0;0;0;4;5;84;24;0;0;96;33;3;0;1;36,282407;142;102240;427846;9.24164e+06;4942500;1.56e+06;100005
12_0;3;1;0;8;12;0;0;0;88;1;0;1;0;6;128;30;0;1;89;45;6;1;1;2,233333;142;102240;265540;1.46257e+07;442500;296500;53336
13_0;3;0;0;8;11;0;0;0;92;7;0;0;0;0;169;33;0;2;86;48;3;0;1;-21,771296;142;93720;205616;1.83755e+07;157500;210500;53336
14_0;3;0;0;8;12;0;0;0;86;2;0;0;0;2;202;36;0;3;88;35;3;0;1;-51,022222;142;102240;188860;2.28697e+07;157500;224000;53336
15_0;3;1;0;9;13;0;0;0;71;0;0;0;0;23;240;39;0;4;92;38;3;0;1;-85,864815;142;110760;151230;2.82422e+07;442500;240500;60003
16_0;3;1;0;9;16;0;0;0;11;0;0;0;0;110;280;42;0;6;98;40;3;0;2;-148,487037;142;136320;23430;3.79482e+07;442500;296000;60003
17_0;3;0;0;9;16;0;0;0;11;0;0;0;0;203;319;46;1;7;104;39;4;1;1;-239,499074;142;136320;23430;5.19058e+07;157500;296000;60003
18_0;3;0;0;9;16;0;0;0;11;0;0;0;0;281;352;49;1;10;89;33;3;0;3;-325,951852;142;136320;23430;6.51642e+07;157500;296000;60003
19_0;3;1;0;7;0;0;0;0;331;0;0;1;0;39;386;50;0;11;89;34;1;0;1;-215,478704;142;0;296354;4.80855e+07;442500;73500;46669
20_0;3;0;0;6;0;0;0;0;116;86;0;0;0;22;332;51;1;12;99;32;1;1;1;-180,261111;142;0;370336;4.26105e+07;157500;86000;40002
21_0;3;0;0;6;0;0;0;0;91;96;0;0;0;20;272;56;1;13;89;36;5;0;1;-141,410185;142;0;360822;3.66618e+07;157500;96000;40002
22_0;3;0;0;6;0;0;0;0;91;96;0;0;0;18;208;61;3;13;89;32;5;2;0;-101,914815;142;0;354006;3.06116e+07;157500;96000;40002
23_0;3;0;0;6;0;0;0;0;113;87;0;0;0;0;152;64;4;13;95;31;3;1;0;-56,651852;142;0;361674;2.36625e+07;157500;87000;40002
0_1;3;0;0;5;0;0;0;0;91;50;5;0;0;0;0;0;1;0;91;50;5;1;0;97,160185;142;0;359970;75544;157500;142500;33335
1_1;3;1;0;6;0;0;0;0;92;46;5;3;0;0;0;0;0;0;92;46;5;2;0;96,707407;142;0;504952;0;442500;359000;40002
2_1;3;0;0;5;0;0;0;0;87;44;4;0;0;0;0;0;0;0;87;44;4;0;0;97,850926;142;0;329582;0;157500;118000;33335
3_1;2;0;0;4;0;0;0;0;96;31;2;0;0;0;0;0;1;0;96;31;2;1;0;97,606481;142;0;302176;64894;105000;68000;26668
4_1;3;1;0;5;0;0;0;0;98;40;5;1;0;0;0;0;0;0;98;40;5;0;0;97,716667;142;0;350172;0;442500;206000;33335
5_1;2;0;0;5;0;0;0;0;83;39;3;0;0;0;0;0;0;1;83;39;3;0;1;97,732407;142;0;302034;45724;105000;94500;33335
6_1;3;0;0;7;8;0;0;0;96;30;0;0;0;1;5;4;0;3;97;35;4;0;2;92,050926;142;68160;289680;861230;157500;178000;46669
7_1;3;1;0;7;6;0;0;0;103;43;0;0;0;1;1;5;0;4;103;39;1;0;1;91,080556;142;51120;334694;982072;442500;154000;46669
8_1;3;0;0;7;8;0;0;0;83;35;0;0;0;0;1;5;0;5;82;35;0;0;1;90,717593;142;68160;274486;1.0809e+06;157500;183000;46669
9_1;3;0;1;12;9;0;0;0;89;24;0;0;6;0;5;8;0;1;89;28;3;0;2;87,452778;142;76680;710994;1.13657e+06;4657500;2.1975e+06;80004
10_1;3;1;0;9;11;0;0;0;95;0;0;0;0;0;44;11;0;4;95;39;3;0;3;77,314815;142;93720;202350;3.18293e+06;442500;203500;60003
11_1;3;1;1;15;12;0;0;0;91;0;0;0;4;7;80;13;0;0;98;36;2;0;0;45,135185;142;102240;223366;8.08846e+06;4942500;1.56e+06;100005
12_1;3;1;0;8;12;0;0;0;91;0;0;1;0;15;117;14;0;0;99;37;1;1;0;16,342593;142;102240;269090;1.24584e+07;442500;295500;53336
13_1;3;0;0;8;11;0;0;0;102;0;0;0;0;0;156;16;1;2;87;39;2;1;2;-4,507407;142;93720;191700;1.57418e+07;157500;203500;53336
14_1;3;0;0;8;12;0;0;0;91;0;0;0;0;2;201;18;1;2;93;45;2;0;0;-33,094444;142;102240;193830;2.01153e+07;157500;222000;53336
15_1;3;1;0;9;13;0;0;0;71;0;0;1;0;24;240;22;0;3;93;39;4;0;1;-70,267593;142;110760;154922;2.58466e+07;442500;314000;60003
16_1;3;1;0;9;16;0;0;0;11;0;0;1;0;110;286;27;0;3;97;46;5;1;0;-144,549074;142;136320;98690;3.7269e+07;442500;369500;60003
17_1;3;0;0;9;16;0;0;0;11;0;0;0;0;199;336;33;0;3;100;50;6;0;0;-228,978704;142;136320;23430;5.02924e+07;157500;296000;60003
18_1;3;0;0;9;16;0;0;0;11;0;0;0;0;281;380;39;0;6;93;44;6;0;3;-327,532407;142;136320;23430;6.54066e+07;157500;296000;60003
19_1;3;1;0;7;0;0;0;0;331;0;0;1;0;53;420;42;0;8;103;40;3;1;2;-237,200926;142;0;391778;5.13214e+07;442500;73500;46669
20_1;3;0;0;6;0;0;0;0;121;84;0;0;0;22;374;44;0;8;90;38;2;0;0;-200,656481;142;0;365082;4.57436e+07;157500;84000;40002
21_1;3;0;0;6;0;0;0;0;101;92;0;0;0;20;322;47;0;8;99;40;3;0;0;-166,181481;142;0;384394;4.04372e+07;157500;92000;40002
22_1;3;0;0;6;0;0;0;0;91;96;0;0;0;22;268;50;0;8;93;42;3;0;0;-132,764815;142;0;374454;3.53224e+07;157500;96000;40002
23_1;3;0;0;6;0;0;0;0;115;86;0;0;0;0;230;54;0;10;93;48;4;0;2;-96,250926;142;0;386950;2.97101e+07;157500;86000;40002
0_2;3;0;0;5;0;0;0;0;87;33;4;0;0;0;0;0;0;0;87;33;4;0;0;98,054630;142;0;298342;0;157500;107000;33335
1_2;3;1;0;6;0;0;0;0;92;38;5;0;0;0;0;0;0;0;92;38;5;0;0;97,861111;142;0;328020;0;442500;130500;40002
2_2;3;0;0;5;0;0;0;0;105;28;4;0;0;0;0;0;0;0;105;28;4;0;0;97,897222;142;0;322482;0;157500;102000;33335
3_2;2;0;0;4;0;0;0;0;90;32;3;0;0;0;0;0;0;0;90;32;3;0;0;98,062963;142;0;297064;0;105000;87500;26668
4_2;3;1;0;5;0;0;0;0;93;43;1;1;0;0;0;0;0;2;93;43;1;1;2;96,394444;142;0;400298;152650;442500;135000;33335
5_2;2;0;0;5;0;0;0;0;91;30;7;0;0;0;0;0;0;3;91;30;7;0;1;96,550000;142;0;312826;216266;105000;159500;33335
6_2;3;0;0;7;8;0;0;0;106;26;0;0;0;0;8;7;1;3;106;34;7;1;0;89,967593;142;68160;299620;1.17079e+06;157500;174000;46669
7_2;3;1;0;7;6;0;0;0;93;47;0;1;0;1;0;9;1;3;94;39;2;1;0;88,721296;142;51120;393198;1.28538e+06;442500;231500;46669
8_2;3;0;0;7;8;0;0;0;95;30;0;0;0;0;11;12;1;3;94;41;3;0;0;84,815741;142;68160;285846;1.97465e+06;157500;178000;46669
9_2;3;0;1;12;9;0;0;0;88;25;0;0;0;0;25;15;1;6;88;39;3;0;3;73,778704;142;76680;258440;3.68618e+06;4657500;191500;80004
10_2;3;1;0;9;11;0;0;0;95;6;0;2;0;5;59;22;0;6;100;40;7;1;0;52,681481;142;93720;298342;6.86471e+06;442500;356500;60003
11_2;3;1;1;15;12;0;0;0;91;0;0;1;9;2;97;25;0;0;88;38;3;1;3;23,905556;142;102240;943874;1.06237e+07;4942500;3.306e+06;100005
12_2;3;1;0;8;12;0;0;0;87;0;0;1;0;0;131;28;0;2;85;34;3;1;2;4,151852;142;102240;257162;1.43399e+07;442500;295500;53336
13_2;3;0;0;8;11;0;0;0;101;0;0;0;0;0;161;30;0;2;101;30;2;0;0;-20,373148;142;93720;215130;1.81516e+07;157500;203500;53336
14_2;3;0;0;8;12;0;0;0;90;0;0;0;0;6;193;34;1;3;96;32;4;1;1;-45,062963;142;102240;191700;2.19529e+07;157500;222000;53336
15_2;3;1;0;9;13;0;0;0;71;0;0;3;0;23;235;36;0;3;88;42;2;2;0;-80,535185;142;110760;305442;2.72707e+07;442500;461000;60003
16_2;3;1;0;9;16;0;0;0;11;0;0;0;0;117;276;37;0;4;105;41;1;0;1;-143,437037;142;136320;23430;3.71738e+07;442500;296000;60003
17_2;3;0;0;9;16;0;0;0;11;0;0;0;0;188;313;39;0;7;82;37;2;0;3;-224,197222;142;136320;23430;4.95591e+07;157500;296000;60003
18_2;3;0;0;9;16;0;0;0;11;0;0;0;0;263;349;41;1;8;86;36;2;1;1;-306,833333;142;136320;23430;6.22322e+07;157500;296000;60003
19_2;3;1;0;7;0;0;0;0;331;0;0;2;0;22;376;44;0;13;90;27;3;1;5;-195,472222;142;0;373318;4.49403e+07;442500;147000;46669
20_2;3;0;0;6;0;0;0;0;93;95;0;0;0;20;322;47;1;13;91;41;3;1;0;-169,529630;142;0;372466;4.09626e+07;157500;95000;40002
21_2;3;0;0;6;0;0;0;0;106;90;0;0;0;20;256;51;1;13;106;24;4;0;0;-128,251852;142;0;368916;3.46358e+07;157500;90000;40002
22_2;3;0;0;6;0;0;0;0;84;98;0;0;0;19;195;52;2;14;83;37;1;1;1;-89,556481;142;0;351592;2.87188e+07;157500;98000;40002
23_2;3;0;0;6;0;0;0;0;113;87;0;0;0;1;147;53;2;16;95;39;1;0;2;-47,018519;142;0;375306;2.21715e+07;157500;87000;40002
0_3;3;0;0;5;0;0;0;0;89;34;4;0;0;0;0;0;0;0;89;34;4;0;0;98,008333;142;0;305442;0;157500;108000;33335
1_3;3;1;0;6;0;0;0;0;96;40;5;0;0;0;0;0;0;0;96;40;5;0;0;97,768519;142;0;342220;0;442500;132500;40002
2_3;3;0;0;5;0;0;0;0;98;26;4;0;0;0;0;0;0;1;98;26;4;0;1;97,469444;142;0;301892;86194;157500;100000;33335
3_3;2;0;0;4;0;0;0;0;95;38;1;0;0;0;0;0;1;2;95;38;1;1;1;96,887037;142;0;315098;162306;105000;56500;26668
4_3;3;1;0;5;0;0;0;0;95;44;5;1;0;0;0;0;0;3;95;44;5;0;1;95,825926;142;0;355142;284994;442500;210000;33335
5_3;2;0;0;5;0;0;0;0;98;34;2;0;0;0;0;0;0;4;98;34;2;0;1;95,760185;142;0;314956;335262;105000;71000;33335
6_3;3;0;0;7;8;0;0;0;88;33;0;0;0;0;9;2;0;7;88;42;2;0;3;90,670370;142;68160;281160;1.08147e+06;157500;181000;46669
7_3;3;1;0;7;6;0;0;0;98;45;0;0;0;2;3;2;0;7;100;39;0;0;0;88,695370;142;51120;326316;1.35624e+06;442500;156000;46669
8_3;3;0;0;7;8;0;0;0;95;30;0;0;0;0;18;8;0;8;93;45;6;0;1;82,384259;142;68160;284142;2.34925e+06;157500;178000;46669
9_3;3;0;1;12;9;0;0;0;89;24;0;0;6;0;27;11;2;4;89;33;3;2;2;69,469444;142;76680;710994;3.89449e+06;4657500;2.1975e+06;80004
10_3;3;1;0;9;11;0;0;0;93;3;0;2;0;0;66;15;0;5;93;42;4;0;1;58,008333;142;93720;213994;6.13213e+06;442500;353500;60003
11_3;3;1;1;15;12;0;0;0;91;0;0;0;5;7;95;18;0;0;98;29;3;0;0;29,509259;142;102240;230750;1.04775e+07;4942500;1.8945e+06;100005
12_3;3;1;0;8;12;0;0;0;91;0;0;0;0;9;129;23;0;1;93;34;5;0;1;1,643519;142;102240;193830;1.47879e+07;442500;222000;53336
13_3;3;0;0;8;11;0;0;0;100;1;0;0;0;0;168;30;0;1;91;40;7;0;0;-19,562037;142;93720;200504;1.80418e+07;157500;204500;53336
14_3;3;0;0;8;12;0;0;0;91;0;0;0;0;2;202;34;0;1;93;34;4;0;0;-48,048148;142;102240;193830;2.24086e+07;157500;222000;53336
15_3;3;1;0;9;13;0;0;0;71;0;0;0;0;27;234;38;0;4;96;32;4;0;3;-85,516667;142;110760;151230;2.81888e+07;442500;240500;60003
16_3;3;1;0;9;16;0;0;0;11;0;0;1;0;100;275;43;0;6;84;41;5;1;2;-148,268519;142;136320;98690;3.78394e+07;442500;369500;60003
17_3;3;0;0;9;16;0;0;0;11;0;0;0;0;179;317;47;0;6;90;42;4;0;0;-221,610185;142;136320;23430;4.91624e+07;157500;296000;60003
18_3;3;0;0;9;16;0;0;0;11;0;0;0;0;262;356;52;0;7;94;39;5;0;1;-310,066667;142;136320;23430;6.27281e+07;157500;296000;60003
19_3;3;1;0;7;0;0;0;0;331;0;0;0;0;29;393;57;0;8;98;37;5;0;1;-212,279630;142;0;307998;4.75832e+07;442500;0;46669
20_3;3;0;0;6;0;0;0;0;98;93;0;0;0;21;336;61;0;8;90;36;4;0;0;-184,844444;142;0;362100;4.33216e+07;157500;93000;40002
21_3;3;0;0;6;0;0;0;0;98;93;0;0;0;18;276;65;1;11;95;33;4;1;3;-146,505556;142;0;365508;3.74386e+07;157500;93000;40002
22_3;3;0;0;6;0;0;0;0;86;98;0;0;0;23;218;69;1;12;91;40;4;0;1;-115,169444;142;0;362668;3.26357e+07;157500;98000;40002
23_3;3;0;0;6;0;0;0;0;123;83;0;0;0;0;173;70;2;12;100;38;1;1;0;-72,553704;142;0;381838;2.6081e+07;157500;83000;40002
0_4;3;0;0;5;0;0;0;0;85;37;5;0;0;0;0;0;0;0;85;37;5;0;0;97,976852;142;0;310270;0;157500;129500;33335
1_4;3;1;0;6;0;0;0;0;106;34;5;1;0;0;0;0;0;0;106;34;5;1;0;97,250000;142;0;421740;0;442500;200000;40002
2_4;3;0;0;5;0;0;0;0;94;48;3;0;0;0;0;0;0;1;94;48;3;0;1;97,222222;142;0;351024;74976;157500;103500;33335
3_4;2;0;0;4;0;0;0;0;96;37;3;0;0;0;0;0;0;3;96;37;3;0;2;96,317593;142;0;324044;240690;105000;92500;26668
4_4;3;1;0;5;0;0;0;0;99;39;4;2;0;0;0;0;0;5;99;39;4;2;2;94,131481;142;0;491462;408534;442500;260000;33335
5_4;2;0;0;5;0;0;0;0;94;38;2;0;0;0;0;0;0;5;94;38;2;0;0;94,594444;142;0;317796;511200;105000;75000;33335
6_4;3;0;0;7;8;0;0;0;99;28;0;0;0;0;16;4;0;6;99;44;4;0;1;85,538889;142;68160;290390;1.85921e+06;157500;176000;46669
7_4;3;1;0;7;6;0;0;0;86;49;0;0;0;0;0;5;0;6;86;33;1;0;0;90,472222;142;51120;295076;1.11498e+06;442500;160000;46669
8_4;3;0;0;7;8;0;0;0;92;31;0;0;0;0;8;9;0;6;92;39;4;0;0;86,264815;142;68160;284000;1.75427e+06;157500;179000;46669
9_4;3;0;1;12;9;0;0;0;82;27;0;0;6;0;18;13;1;1;82;37;4;1;1;79,614815;142;76680;500124;2.54947e+06;4657500;2.2005e+06;80004
10_4;3;1;0;9;11;0;0;0;88;3;0;4;0;0;56;16;0;1;88;41;3;3;0;63,251852;142;93720;425432;5.11654e+06;442500;500500;60003
11_4;3;1;1;15;12;0;0;0;81;4;0;2;3;19;93;20;0;0;100;41;4;2;2;26,427778;142;102240;765522;1.04153e+07;4942500;1.3765e+06;100005
12_4;3;1;0;8;12;0;0;0;91;0;0;0;0;30;130;24;0;0;102;37;4;0;0;-4,804630;142;102240;193830;1.57768e+07;442500;222000;53336
13_4;3;0;0;8;11;0;0;0;111;0;0;0;0;14;164;28;0;0;95;34;4;0;0;-26,367593;142;93720;209166;1.90768e+07;157500;203500;53336
14_4;3;0;0;8;12;0;0;0;91;0;0;0;0;11;198;31;0;0;88;34;3;0;0;-49,851852;142;102240;188718;2.26903e+07;157500;222000;53336
15_4;3;1;0;9;13;0;0;0;71;0;0;0;0;32;235;35;0;0;92;37;4;0;0;-82,577778;142;110760;151230;2.77381e+07;442500;240500;60003
16_4;3;1;0;9;16;0;0;0;11;0;0;0;0;120;271;39;0;0;99;36;4;0;0;-144,635185;142;136320;23430;3.73575e+07;442500;296000;60003
17_4;3;0;0;9;16;0;0;0;11;0;0;0;0;200;303;41;0;2;91;32;2;0;2;-223,905556;142;136320;23430;4.95144e+07;157500;296000;60003
18_4;3;0;0;9;16;0;0;0;11;0;0;0;0;276;342;46;1;3;87;39;5;1;1;-307,064815;142;136320;23430;6.22677e+07;157500;296000;60003
19_4;3;1;0;7;0;0;0;0;331;0;0;2;0;34;371;48;0;3;89;29;2;1;0;-195,760185;142;0;371614;4.49862e+07;442500;147000;46669
20_4;3;0;0;6;0;0;0;0;106;90;0;0;0;25;316;55;0;4;97;35;7;0;1;-166,223148;142;0;372324;4.04557e+07;157500;90000;40002
21_4;3;0;0;6;0;0;0;0;101;92;0;0;0;21;267;56;0;4;97;43;1;0;0;-134,418519;142;0;386098;3.55643e+07;157500;92000;40002
22_4;3;0;0;6;0;0;0;0;88;97;0;0;0;19;211;58;0;4;86;41;2;0;0;-96,247222;142;0;364088;2.97324e+07;157500;97000;40002
23_4;3;0;0;6;0;0;0;0;111;88;0;0;0;0;158;60;0;5;92;35;2;0;1;-50,312963;142;0;363662;2.26883e+07;157500;88000;40002
