Objective: -110
O_0: -0
O_1: 1.05815e-13
O_2: -6.87122e-14
O_3: -4.76335e-15
O_4: 3.34203e-13
O_5: 9.97557e-13
O_6: -7.01608e-13
O_7: 1
O_8: 2
O_9: 2
N_0_0: 9.74088e-13
N_1_0: 5.79176e-13
N_0_1: 1.14862e-12
N_1_1: 9.20135e-13
N_0_2: -0
N_1_2: -7.38248e-13
N_0_3: 3.61414e-13
N_1_3: -0
N_0_4: 1.06156e-12
N_1_4: 1.21376e-12
N_0_5: 3
N_1_5: 2
N_0_6: 4
N_1_6: 3
N_0_7: 1
N_1_7: 1
N_0_8: 0
N_1_8: -1.58751e-12
N_0_9: -1.77303e-13
N_1_9: -0
s_0_0_0: -0
f_0_0_0: -0
s_0_0_1: 0
f_0_0_1: -0
s_0_0_2: 0
f_0_0_2: -0
s_0_0_3: 0
f_0_0_3: -0
s_0_0_4: -0
f_0_0_4: -0
s_0_0_5: 7.21986e-13
f_0_0_5: 0
s_0_0_6: 8.97025e-13
f_0_0_6: -0
s_0_0_7: 0
f_0_0_7: 1.49392e-12
s_0_0_8: 0
f_0_0_8: -0
s_0_0_9: 0
f_0_0_9: -0
s_0_0_10: -0
f_0_0_10: -0
s_0_0_11: 0
f_0_0_11: -0
s_0_0_12: 0
f_0_0_12: -0
s_0_0_13: -0
f_0_0_13: -0
s_0_0_14: 0
f_0_0_14: -0
s_0_0_15: 0
f_0_0_15: -0
s_0_0_16: 0
f_0_0_16: -0
s_0_0_17: -0
f_0_0_17: -0
s_0_0_18: 0
f_0_0_18: -0
s_0_0_19: -0
f_0_0_19: -0
s_0_0_20: -0
f_0_0_20: 0
s_0_0_21: -0
f_0_0_21: -0
s_0_0_22: -0
f_0_0_22: 1.25095e-13
s_0_0_23: -0
f_0_0_23: 0
s_0_0_24: 1.94579e-12
f_0_0_24: -0
s_0_0_25: -0
f_0_0_25: 1.94578e-12
s_0_0_26: 0
f_0_0_26: 0
s_0_0_27: -0
f_0_0_27: -0
s_0_0_28: 1
f_0_0_28: 0
s_0_0_29: -0
f_0_0_29: 1
s_0_0_30: -0
f_0_0_30: 0
s_0_0_31: -0
f_0_0_31: 0
s_0_0_32: -0
f_0_0_32: -0
s_0_0_33: -0
f_0_0_33: 0
s_0_0_34: -0
f_0_0_34: 0
s_0_0_35: -0
f_0_0_35: 0
s_0_0_36: -1.22333e-12
f_0_0_36: 0
s_0_0_37: -0
f_0_0_37: -1.22335e-12
s_0_0_38: -0
f_0_0_38: 0
s_0_0_39: -0
f_0_0_39: 0
Asset 0 task 0: -1 -1
s_0_1_0: -1.66311e-13
f_0_1_0: -0
s_0_1_1: -0
f_0_1_1: -0
s_0_1_2: 2.24312e-13
f_0_1_2: -0
s_0_1_3: 1.70479e-13
f_0_1_3: -0
s_0_1_4: -0
f_0_1_4: 0
s_0_1_5: -0
f_0_1_5: 4.03e-13
s_0_1_6: -0
f_0_1_6: -0
s_0_1_7: -0
f_0_1_7: -0
s_0_1_8: -0
f_0_1_8: -0
s_0_1_9: -0
f_0_1_9: -0
s_0_1_10: -0
f_0_1_10: -0
s_0_1_11: -0
f_0_1_11: -0
s_0_1_12: -0
f_0_1_12: -0
s_0_1_13: -0
f_0_1_13: -0
s_0_1_14: -0
f_0_1_14: -0
s_0_1_15: -0
f_0_1_15: -0
s_0_1_16: -0
f_0_1_16: -0
s_0_1_17: 4.11671e-13
f_0_1_17: -0
s_0_1_18: 0
f_0_1_18: 0
s_0_1_19: 0
f_0_1_19: 0
s_0_1_20: 4.73177e-13
f_0_1_20: 4.1165e-13
s_0_1_21: 5.85865e-13
f_0_1_21: -0
s_0_1_22: -2.5091e-13
f_0_1_22: -0
s_0_1_23: -0
f_0_1_23: 4.73211e-13
s_0_1_24: 1
f_0_1_24: 5.85865e-13
s_0_1_25: -3.6289e-13
f_0_1_25: -2.752e-13
s_0_1_26: 0
f_0_1_26: 0
s_0_1_27: 0
f_0_1_27: 1
s_0_1_28: 0
f_0_1_28: -3.63109e-13
s_0_1_29: 0
f_0_1_29: -0
s_0_1_30: 0
f_0_1_30: -0
s_0_1_31: 0
f_0_1_31: -0
s_0_1_32: 0
f_0_1_32: 0
s_0_1_33: -0
f_0_1_33: -0
s_0_1_34: 0
f_0_1_34: -0
s_0_1_35: -0
f_0_1_35: -0
s_0_1_36: 0
f_0_1_36: -0
s_0_1_37: -0
f_0_1_37: 0
s_0_1_38: -0
f_0_1_38: -0
s_0_1_39: -0
f_0_1_39: -0
Asset 0 task 1: -1 -1
s_0_2_0: -0
f_0_2_0: -0
s_0_2_1: -0
f_0_2_1: -0
s_0_2_2: -1.74527e-13
f_0_2_2: -0
s_0_2_3: 0
f_0_2_3: -1.74527e-13
s_0_2_4: 0
f_0_2_4: -0
s_0_2_5: 4.03011e-13
f_0_2_5: -0
s_0_2_6: -0
f_0_2_6: 0
s_0_2_7: -0
f_0_2_7: 4.03011e-13
s_0_2_8: -0
f_0_2_8: 0
s_0_2_9: -0
f_0_2_9: 0
s_0_2_10: -0
f_0_2_10: -0
s_0_2_11: 0
f_0_2_11: -0
s_0_2_12: 0
f_0_2_12: -0
s_0_2_13: -0
f_0_2_13: -0
s_0_2_14: 0
f_0_2_14: -0
s_0_2_15: -0
f_0_2_15: -0
s_0_2_16: -0
f_0_2_16: -0
s_0_2_17: -0
f_0_2_17: 0
s_0_2_18: 0
f_0_2_18: 0
s_0_2_19: -0
f_0_2_19: -0
s_0_2_20: 0
f_0_2_20: -0
s_0_2_21: 4.1165e-13
f_0_2_21: 0
s_0_2_22: 0
f_0_2_22: -0
s_0_2_23: 0
f_0_2_23: 4.11671e-13
s_0_2_24: 9.32865e-13
f_0_2_24: -0
s_0_2_25: -1.48992e-13
f_0_2_25: -0
s_0_2_26: 0
f_0_2_26: 9.32809e-13
s_0_2_27: 0
f_0_2_27: -1.48992e-13
s_0_2_28: 1
f_0_2_28: -0
